ぺいぺい
ぺこぺこ
ぺこん
ぺしゃっ
ぺしゃり
ぺしゃん
ぺた
ぺたぺた
ぺたり
ぺたん
ぺちゃくちゃ
ぺちゃんこ
ぺっ
ぺったり
ぺったん
ぺっととしてかわれているとり【ペットとして飼われている鳥】
ぺっとぼとるのりさいくる【ペットボトルのリサイクル】
ぺっとようひん【ペット用品】
ぺっとりょうほう【ペット療法】
ぺてん
ぺらっ
ぺらぺら
ぺろっ
ぺろぺろ
ぺろり
ぺろん
ぺんしゅうじ【ペン習字】
ぺんで…をかく【ペンで…を書く】
ぺんぺんぐさ【ぺんぺん草】
ぺーぱーくらふと【ペーパークラフト】
ぺーぱーびーずのつくりかた【ペーパービーズの作り方】
ベチャクチャ【ベチャクチャ，ぺチャクチャ】
ベチャッ，ペチャッ
ベン，ペン
ペア
ペアルック
ペイ
ペイオフ
ペインクリニック
ペイント
ペガサス
ペキニーズ
ペキン【北京】
ペクチン
ペケ
ペシミスト
ペシミズム
ペシャワール
ペシャン
ペスト
